梦美 255 255 255
凤蝶 255 255 255
萨由莉 255 255 255
绫佳 255 255 255
遥 255 255 255
杏子 255 255 255
由莉雅 255 255 255
美弥香 255 255 255
唯 255 255 255
炼悟 255 255 255
西 255 255 255
莲 255 255 255
优斗 255 255 255
史郎 255 255 255
炼狱 255 255 255
合虫人类 255 255 255
？？？ 255 255 255
男性Ａ 255 255 255
男性Ｂ 255 255 255
男性Ｃ 255 255 255
男性Ｄ 255 255 255
男性Ｅ 255 255 255
男性Ｆ 255 255 255
男性Ｇ 255 255 255
男性Ｈ 255 255 255
男性Ｉ 255 255 255
男性Ｊ 255 255 255
男性Ｋ 255 255 255
男性Ｌ 255 255 255
梦美＆凤蝶 255 255 255
客人 255 255 255
客人Ａ 255 255 255
客人Ｂ 255 255 255
客人Ｃ 255 255 255
客人Ｄ 255 255 255
客人Ｅ 255 255 255
客人Ｆ 255 255 255
客人Ｇ 255 255 255
客人Ｈ 255 255 255
出席者Ａ 255 255 255
出席者Ｂ 255 255 255
出席者Ｃ 255 255 255
出席者Ｄ 255 255 255
出席者Ｅ 255 255 255
出席者Ｆ 255 255 255
出席者Ｇ 255 255 255
出席者Ｈ 255 255 255
出席者Ｉ 255 255 255
出席者Ｊ 255 255 255
出席者Ｋ 255 255 255
出席者Ｌ 255 255 255
出席者Ｍ 255 255 255
出席者Ｎ 255 255 255
出席者Ｏ 255 255 255
出席者Ｐ 255 255 255
众出席者 255 255 255
男性的声音 255 255 255
优斗的朋友 255 255 255
少年 255 255 255
少女 255 255 255
梦美＆杏子 255 255 255
梦美＆遥 255 255 255
梦美＆唯 255 255 255
梦美＆绫佳 255 255 255
绫佳＆遥 255 255 255
三人 255 255 255
美弥香＆唯 255 255 255
ＢＵＧ猫 255 255 255
和泉万夜 255 255 255
本人 255 255 255
和泉 255 255 255